sol=[(0,5,{(0, 0), (1, 0), (2, 0), (3, 0)},'blue'),
(0,4, [(0, 0),(0, -1)],'blue'),
(1,4,{(0,0), (0, -1), (1, 0), (1, -1)},'blue'),
(3,4,{(0, 0),(1, 0),(1, 1),(2, 1)},'blue'),
(5,4,{(0, 0),(-1, -1),(0, -1),(0, -2)},'blue'),
(3,3,[(0, 0)],'green'),
(0,2,[(0, 0), (0, -1), (0, -2)],'blue'),
(2,2,[(0, 0)],'green'),
(3,2,[(0, 0)],'green'),
(4,2,[(0, 0),(0,-1)],'green'),
(2,1,{(1, 0), (0, 0)},'green'),
(2,0,[(0, 0),(-1, 0),(-1, 1),(-1, 2)],'blue'),
(3,0,[(0, 0)],'green'),
(4,0,{(0, 0), (1, 0), (1, 1)},'blue'),
]